import pandas as pd
import numpy as np

# Dados fornecidos em formato de string
data_str = """
age	gender	height	weight	smoke	alco	active	gluc_1	gluc_2	gluc_3	cholesterol_1	cholesterol_2	cholesterol_3	IMC_0.5	cardio_disease
age	1.000000	0.013817	-0.085923	0.061580	-0.046213	-0.041239	-0.021818	-0.077668	0.017472	0.088194	-0.147574	0.032921	0.167368	0.111984	0.238592
gender	0.013817	1.000000	-0.513735	-0.150731	-0.331302	-0.185320	-0.014184	-0.023380	0.001464	0.030364	-0.034468	0.023723	0.021455	0.138901	0.000432
height	-0.085923	-0.513735	1.000000	0.305143	0.195980	0.112422	-0.003582	0.035208	-0.019693	-0.028143	0.060534	-0.032972	-0.047240	-0.249949	-0.021010
weight	0.061580	-0.150731	0.305143	1.000000	0.061048	0.077611	-0.016915	-0.100298	0.075848	0.060317	-0.117435	0.065707	0.089729	0.841581	0.173587
smoke	-0.046213	-0.331302	0.195980	0.061048	1.000000	0.342937	0.036743	-0.026007	0.035210	0.000013	-0.029654	0.029395	0.008576	-0.048698	-0.021432
alco	-0.041239	-0.185320	0.112422	0.077611	0.342937	1.000000	0.040689	-0.023320	0.043003	-0.011481	-0.020427	0.022341	0.003606	0.012687	-0.010137
active	-0.021818	-0.014184	-0.003582	-0.016915	0.036743	0.040689	1.000000	0.004319	-0.020384	0.014613	-0.009953	-0.010711	0.025511	-0.017508	-0.038406
gluc_1	-0.077668	-0.023380	0.035208	-0.100298	-0.026007	-0.023320	0.004319	1.000000	-0.681148	-0.676855	0.354284	-0.151525	-0.322069	-0.120917	-0.076943
gluc_2	0.017472	0.001464	-0.019693	0.075848	0.035210	0.043003	-0.020384	-0.681148	1.000000	-0.077906	-0.190651	0.265378	-0.028889	0.086698	0.035385
gluc_3	0.088194	0.030364	-0.028143	0.060317	0.000013	-0.011481	0.014613	-0.676855	-0.077906	1.000000	-0.290742	-0.060485	0.467606	0.077484	0.069197
cholesterol_1	-0.147574	-0.034468	0.060534	-0.117435	-0.029654	-0.020427	-0.009953	0.354284	-0.190651	-0.290742	1.000000	-0.696231	-0.613704	-0.151910	-0.195033
cholesterol_2	0.032921	0.023723	-0.032972	0.065707	0.029395	0.022341	-0.010711	-0.151525	0.265378	-0.060485	-0.696231	1.000000	-0.139464	0.082701	0.065290
cholesterol_3	0.167368	0.021455	-0.047240	0.089729	0.008576	0.003606	0.025511	-0.322069	-0.028889	0.467606	-0.613704	-0.139464	1.000000	0.118595	0.197235
IMC_0.5	0.111984	0.138901	-0.249949	0.841581	-0.048698	0.012687	-0.017508	-0.120917	0.086698	0.077484	-0.151910	0.082701	0.118595	1.000000	0.187823
cardio_disease	0.238592	0.000432	-0.021010	0.173587	-0.021432	-0.010137	-0.038406	-0.076943	0.035385	0.069197	-0.195033	0.065290	0.197235	0.187823	1.000000
"""

# Transformar string em DataFrame
from io import StringIO
df = pd.read_csv(StringIO(data_str), sep="\t")

# Adicionar os nomes das colunas como índice também
df.index = df.columns

# Arredondar para 3 casas decimais
df_rounded = df.round(3)

# Converter para Markdown
md_output = df_rounded.to_markdown()

# Salvar em arquivo
md_path = "/home/akel/Downloads/teste_.md"
with open(md_path, "w") as f:
    f.write(md_output)

md_path




